0	33	35	48	6	1	8	9	42	39	14	47	16	43	51	56	62
1	32	37	45	48	18	19	52	21	22	57	20	58	27	29	31
2	33	3	38	40	9	11	12	14	47	35	20	53	55	24	26	60
3	33	35	54	6	40	47	34	15	16	50	52	21	22	27	60
4	51	35	37	39	41	42	13	15	48	50	19	9	21	55	24	62
5	17	22	7	41	43	45	46	15	16	49	51	20	54	25	57	55
6	48	38	7	40	44	12	46	16	17	50	35	25	60	61
7	32	34	37	39	11	12	16	50	19	53	55	26	28	62
8	33	35	39	9	10	11	13	14	48	30	52	46	55	27	62
9	33	36	37	41	10	43	44	18	48	50	19	63
10	40	25	38	45	14	15	49	18	52	54	23	56	57	26
11	32	36	37	39	12	45	14	16	40	20	24	59	60
12	38	40	41	13	15	24	51	56	59	29	30	63
13	37	39	42	43	46	17	54	23	57	22	60	30	63
14	34	36	41	44	15	48	21	24	58	59	31
15	33	46	47	16	17	53	54	58	59	62
16	36	40	41	50	19	52	25	39	27
17	32	19	41	43	44	49	18	51	52	23	30	63
18	36	47	61	26	20	53	25	58	27	60	29	31
19	40	43	51	52	22	55	36	28	29	62
20	32	36	31	47	49	23	25	58	59	62	37
21	60	42	43	45	30	22	24	57	58	59	28	62
22	36	38	39	60	44	49	51	57	59	28
23	34	35	39	42	43	45	46	48	51	53	54	55
24	33	35	60	42	51	52	55	31	28	53
25	34	36	39	41	61	49	50	56	38	29
26	35	36	40	41	45	46	49	55	58	31	28	63
27	35	28	43	40	30	54	56	57	60	61	62
28	34	36	38	31	50	59	58	62	63
29	32	33	44	42	43	46	50	55	56	61	63
30	33	34	37	44	46	51	52	54	57	61
31	34	60	44	50	48	52	53	54	62
32	34	35	44	45	47	48	53	54	56	57
33	41	61	49	53	54	57	59
34	37	40	46	47	48	56	59
35	43	48	49	40	57
36	39	43	45	52	63
37	40	43	44	51	41	55	39
38	39	42	44	53	55	57	58	59	60
39	41	47	49
40	59	60	61
41	42	48	46	61
42	45	55	44	46	61	56	47
43	45	52	53
44	59	54	47	61
45	47	51	53	60	61
46	51	56	59	63
47	48	53	61	62
48	56	63
49	50	52	57	58	54	63
50	56	58	61	62	63
51	52	58	59
52	58	63
53	56	58	61
54	63	58	62
55	57	60	63
56	59	60	62
57	62	61
58	63