2000 16
1000010101110111
0010000000100110
0000011111100110
0100101000001010
1110001100101010
1011001111010111
0011000111011001
0111000101011010
1101101010000100
0100001000010110
1011101100111100
0100001100000110
0000000001010110
0100101011000011
1001101110000110
0001101001000110
1100101000100100
0101001110011010
0110001011000101
1000010100001000
1011010101101110
0000110101001101
0010011010111100
1111100100110010
1110000111110010
0100100111011101
0100110011101110
1111101111111001
1010010010111011
0001111000101000
0110001111111110
1111111010100001
1000100101100100
0001111111101101
1010111001100111
1010001010111010
1100010000000010
1011011010010001
1001111000110110
1000010001101100
0000101010100110
0010000001100101
0011001110011010
0001100100000011
0010000100110101
0011000001001010
0001011010111110
0101111101110010
1111001110011000
1110110101011000
0111000101010010
0001010001110110
1011101101001000
0001101101100111
0111100000011011
0101011001100010
1001101011110100
0101111100111110
0100010000010011
1011000001111010
0000001110011111
0110110100000010
0110010001110111
0001011111100011
1111111110011010
0111000001010010
0001010101110000
0100010010010101
0101000111101110
1101010110110100
0011011001111110
0110010100110101
1100000000100111
0000010110001111
1000000010011100
0000110110101011
1011110100011110
0001101101101101
0000111101011100
1011111000010111
0010001110010100
0001000111101001
1100101010110110
0001000110010011
1010010011011100
0111101101101110
1000010100110010
1110101101101010
0010001000111100
1001100000000101
0111010111101010
1100111101011011
1100000100110011
1001111001001010
0011000100110101
0000011100000000
0101011111111111
0101010111101110
1101001110001001
1010011010101111
1100110110010110
1000110101100111
1111000110111010
0111111001001111
0111110111110100
1010101001011100
0000100101001000
0111101011011111
1001000111000100
1110011111001110
0101011110000010
1000110011111101
0101000000010011
0101100110100011
1000011001100011
1010110100111101
1010111111010100
0111010000101110
1001100111101000
0110010011110101
0111000001000001
0100101110000010
0011111001011001
0100100111111100
0101101110000100
0000011111111110
0000110110000001
1110001111111100
0100110001100110
0010000000010011
0010111101010011
1000010011101000
0101001000000001
0011110100111000
0110110000010101
1010000111001000
1011101011000001
1111101111101100
0111000100111011
1000010000011100
0001011100000110
0111000000000110
0010100011111000
1110100101001110
0111000110111000
1111001100011010
1010100011101101
1001100100011001
0000000001001110
1010011101101010
0110111001001001
0000010111001011
1000011011101111
1101110101111111
1001111010001000
1011101001111001
1110000110111001
1011011100101111
0000001111010011
1001111110011110
1111011100011110
0100100001111000
0000111100100111
0010000010110001
1100100110100101
0101001100001000
1011000101010101
0000110101111101
0011110010111101
1110011100111100
1111011000000011
0010011001101100
0110101110110111
0000101101110001
1100100001011101
1100110111110000
1010110101010111
0110101101111010
0001100000001011
1001011111110101
0100110000111110
1110111000011001
1001111011010010
1010010101110110
0001110001011110
1100111101010100
1111111110001111
1010100110110111
1100101111011100
1111010001100011
0011000100111101
0011111000110011
0000011000011011
0111010101001001
0110110001001001
1101110101100011
0011100111100010
1110000011000011
1010100110011110
0101011111101101
0111111001010000
0101010011101011
1111100000110100
0000001101101111
1111001110010000
0110001010001010
0010111101100100
0100000001100101
1011011101110110
1010000001010011
0011000110000101
1111001011001010
0101111111111110
1011011110000001
0101011101110111
1010010100010011
0111011001101110
1111000100000111
1000001000010111
1001110001100100
1001110011111011
0101000010100110
0101100110101001
1101101010110111
0000101010100001
0110011010011011
0111111111011000
1010000100110011
0011011010001111
1010010000110110
0111000010110101
0101011011011100
0011100000011001
0100100001001011
1111100000110111
1010101011110110
1000111100101100
1000110010100111
0000101000110101
0010110000010011
1110100111101110
1010100111011000
1110111010101111
1010101101010101
0110101011111111
1011110010111010
0110011100100001
1011101000111111
0100110001110101
1100101001010011
1111101011101011
1111101011110000
0111101110101000
0110110100100110
1001111101000001
1000000010100011
1101000110110111
1111011010100101
1100011001011010
0000110011111101
1101011000111011
0100011010101110
0010110010101110
1101101001001001
1101010111000100
1000001111010010
1000001011010111
1011111110110110
0100000111000110
0001100110111110
0101001010000001
0111001011001101
0001010110011111
1011000110101001
0110010111011100
1110101001011101
0100011010101110
1001001000000100
0000010101000011
1101010110010111
1000011000111110
0101000111010001
0010000111001101
1011011100101011
1001100001001000
0001111000101011
0111000110110011
1111001101000101
1101110111101001
0101010100110101
0110000010000010
1001011001110100
0000011010111000
0011011110111010
0110111011111010
1100001101001011
1010110010100000
0000110010110011
1110010001111010
0110011101111111
1110101111110101
1010001100010100
1111100001111000
0100100010101101
0000001011001100
0111110001100010
0111110101011111
1110000010001010
1000010101101001
0011011000001110
1100011000010111
0001010101100011
0101011101100111
1110001101001010
0010000101110110
1110000010010000
0110010001111000
0101110101111000
1111110011010000
1011011111111111
0100000010001110
1011011000010001
1001101111111110
0001111100000100
0111111001010110
0110011010100010
0110001110100101
0101111101110111
1001010000000100
0101101111001000
0001110011011110
0001110011100111
1101101101100110
0000110010001011
0110011000010111
0011011110100011
0100110011000000
1111101011110101
1010111110110010
0000111010000100
1000000101001011
1000110000110111
0001110001010001
0010110100101100
1101000001100110
0110001010010100
0111110011100111
0110001010110101
0010000101101101
1110100011010000
0001001011001000
1001010110111100
1111111010011100
0000110110011100
0000011000010011
0010110010011000
0110110000100100
0101110100001001
1110110010010011
0001001011011011
1110011101110000
1010011101111001
1101010101011011
1110011010110111
0000000010110001
1011000011101001
1001001000111100
0010101111101001
0000111011011000
1001011111110111
0010110101011010
1001110110000010
0100110000101101
0100101101101100
1000101110110100
1111011011101000
0000011101001000
1001010110000111
1010011000111010
1001000011000000
1110110000100100
1000101011110110
1111000010010011
1000011001000011
0001010010000011
1101011111011111
1111111111011110
0100011111110111
0100100110000111
0110100111011100
0111010111100100
1100001010110101
1100011100001101
1000110110111101
0110011100001001
1100110001111010
1111011011010101
0101110100001011
0010111111101001
0110000101010001
1101001001111110
1011110010011011
0101010000001010
0011110011110010
1010111010001010
0001011011001111
0111001110101111
0000001010110100
0110001001110001
1000011101010000
1000100111000100
0100000111011100
1011111111111101
1101100111010110
0111111010101000
0001001110111001
0000011001011000
0110111001101101
1001010100000100
1011010111000101
0100110000100000
1000101101100000
0011110000111111
1011001011100011
1110111100000110
1011001100010011
0100100111111011
0110111000011111
0111101000001011
0110101001111011
0001000110100011
0100110000101001
1101111000010001
0011110100001110
1100011101010011
1110000000100101
0010100000111001
1100001010110100
0101101111100001
1000101011011011
1010000010000111
1110010111110010
0011001100111110
1101111000001100
1101001111001001
1110101101010011
1000000011111000
1111000101000111
0010001001000011
1101100011111010
0010100010010111
0010001111100110
1010100011100000
0111111010110111
0001111100010011
0011011000011101
0000001100000110
1000100110111111
0010110101000111
0100100110001100
1001111100000011
0010001010010011
1011000110011111
1100000001100000
0111100001100100
0101010010011100
0101110010111010
1101100110010001
0001001100100010
0100111100001011
0000111011110011
1110111111011001
1111011101011010
0110100001011001
0101011010001100
0100010100110011
0011111011111101
1000000101111110
1101110101111001
0011011010001110
0010100011001111
0100010111111100
1110100110010000
0100001010100001
0101100010101100
0001111110001011
0101010111011010
0000010000100001
0101110110001010
1010000011001110
1101110001101011
1000001000010111
0110111000101101
0111011001011111
0111000101010010
1111010011010111
1111011001011100
1011010010001000
0111000110101100
1001001011010111
0110001011001111
0010000011101110
1010011101100111
1001100101100110
1100100000011000
1010110000100001
1110001101100100
1010100111101000
1111000001011111
1000110001111111
1010110101100101
0000100011111001
1011100111011101
1001111011001010
0010001010000000
0101001010011011
1111110000100001
0001000001101011
1000111111101100
0101000111000010
1010001110111101
0111111110011100
0111110011010001
0110100111111111
0010000110000000
0110010100101110
0111011100000111
1101010101011110
1011100000100000
0101010001010011
0000001010001110
0011000010001000
1000111111000100
1001011000000000
1101111000100010
0001011101100011
1000000001001100
0010110010001100
0101011101010110
0101100001011010
1110100100000010
1111100001111111
1110001000111011
0010101110000100
1111100101110001
0111010011100100
1011110011100111
1000011011111001
1100111100111101
1000101010010110
0010110001110100
0001101111111110
1001110010001000
1010010101110111
1011001011110100
0010010101010111
1010010000001011
0011000001110001
1011011111111010
1111110111110101
1111000110000111
1001000001010110
1000111000001011
0110110101100111
0011010100100111
0000010010110001
1100110100001110
0010110000011111
1100111111001010
1111110011000111
0111011010110011
1001000101011100
0110000100100000
1100010011011100
0011010000100101
0101000111111010
1111000101001100
1111001000110001
0011010010011001
0000101001100100
1011010010001001
0011110110100001
1001000000100110
1111000011011010
1011010001001001
1100101110101100
1001101010110000
1110101010100101
0011000011101000
1011110101001010
0110111100111110
1101101001000111
1111001100111111
1000101001010100
1011000101011101
0011010001111001
0100101100011100
1000011100000001
0100110111001010
0111001001101111
0100111111011001
1110101000000110
1011111111100010
0111101010001001
1000010001100011
0110000101100100
0010100000110001
0011101101001001
1101000010000101
0100000110100000
1010011011001001
0011101001010101
1111110111111010
0111100001111101
1010000101100100
1001110011010111
0000010001000100
1100110010110101
0100110000000010
0111100111110100
0001011101101000
1101001001100010
0011000110111010
1110100110100110
1001110101101000
0000001111011010
0001100100011110
1000101011011101
0100111011010100
1001111010010010
1111111110011100
1000100100010000
1010001100011101
0010110000111100
1010011101001111
0000001111111110
1011011010001111
0001000001110101
0111001100110010
1001111001100111
0111110011110101
0110011101100100
1111000111010011
0011110010100110
0011011011001111
0011000001011011
0000101010010010
0010011010111000
0010010001101011
1111110110011110
1011011000001111
1101001101010110
0011110000110000
0011010000001011
1001001001101001
0111011100011100
1000010000010011
0100100010001001
1001001111110000
0001011001101111
0010000101100110
1000001011101110
0101001010010110
1111000010010101
1011101101100001
0100000110011000
1100001110101110
0000010011010100
1111100100001100
0100100100000000
0110111001110100
0000011110111111
0000111000100110
0011100111000001
1011110111010101
1000111000110001
1111001001100100
1001011100010011
0111100000101111
0101111011011011
0010110110110010
0110000110100101
0101010011001001
1001001111111111
0101110110100100
1111100110011001
1100111100001110
0000011101110011
0000101100110100
0010100010111001
1101000010011001
1111011000011111
0010001100100011
1011011011000111
1001000101100011
1011110001100100
0000000001110011
1101011001110110
1110110010100000
0011010100001110
0000011101010010
1111101010101001
1100011110101101
0101000000001011
1100011111001111
1111001001011110
1110110111100100
1110000000100100
0010101010110101
0000010111101100
1101000111101100
0001011101011011
0111001001100011
0011101010001101
1101010011110111
0010000110111001
0011011010101000
0101110010001100
1111001011001010
0011101000100001
0111001000110000
1000100100101100
1111010001000100
0100110101101111
1110110011010001
1010011001111101
0101011000110011
1000011011101111
0101110011100100
0110011110000100
1100100100010101
0110110000111101
0011001011010111
1111011001101011
0000011100000001
1101010101111101
0110011111011000
1011111110010001
0001101101001011
0001110011000010
1101110110011011
0100001010001001
1000010100011110
1100110000000011
0110110011111111
0111101101100100
0010001100011011
1111110110101110
0011100101101101
1000011010000110
1010001010001011
1011110000101101
0111000111110100
1010001010011010
1111000110110010
0010100011110101
0110001110110011
1101100011111110
1000110111110010
0000011111111000
0111110001000000
0001111111010100
1111111100110110
1010001001101101
0101000011100010
0111111010110101
1001100100101010
1010101010110101
1111001100100011
0000011011000111
1010001010100001
0100001111100000
0000011001101110
0010001111111111
1110110011111010
0101011111011000
0111011100001110
1010011101111000
1010101011100110
1100100101011011
1010100100000111
0010110110010111
1111100001011101
1000111101010100
0100110010111110
1011010110001101
0000101011010000
1101111100101100
0000001111100110
0001010000101000
1010010000000000
1011100100000011
1111101111011100
1011010111111000
0011101000000110
1010110111000010
0000010111011010
1010010100010110
0000111010011000
0110101100010100
0000010110000001
1101010011110101
1101010111001001
0000111010101110
1000011011101111
0100010001110101
0110101110000011
1111011101001010
1001001000111011
1000110011101101
1001010011101111
0010011001000010
1000001111011001
1011001110111100
0111011010001010
1011110001111011
1110000100001011
0101000100011100
0110100100001001
1010000111100111
0000011101101110
0001011101100011
1011000000011011
1110011011010001
1100110100111011
0001100000001111
1010001111110000
0101101100101110
0100010110011000
0101000000110100
0101101010100000
0110010111010110
0110011110000110
1011110001011001
0001110000001010
1011101011101010
0000110110000110
1110011111110101
1100101001001011
0101001010011011
0001100101000000
0000101010100001
0101001010110111
1111001100101100
1011110101011111
0110101011010101
1111110011010111
1000011101010011
1100000001000110
0111100011000001
0010011110101101
1011110011111101
0100000011011100
1001000100111001
0001101001110110
1110011110000001
0101100110011110
1000011101110100
1011001001011100
1000011111010101
0001000111011000
0011101000100110
0000111111000000
1001011000111110
1101011101001010
1100101110110011
1111100101100101
1001100001001011
0110101010000111
1010111001101011
1101101100110001
1001100110111000
1101100110111010
0101010010000100
0010011000101100
0101101101011101
0010001001111000
0010010001010000
0011101011010000
1110010111000101
1100110010111001
0001000111100101
0101101010110100
1010110101001111
1101010101010100
0110001110110010
1111100000000000
0111111101100000
0010110100000101
0110000000000010
1110100010011111
1111010110101000
0011001100100001
0001110001000000
1011011000110000
1111011111101010
1001101100100100
0111001000111000
1101001101110010
1101011100110000
1110101100001010
1100110001101000
0110000001101110
1111011110111100
0011110000110100
0001110011010011
0000010000110010
0011010110011000
0100101000101100
1011001000010011
1101011100000001
0001001000100010
1010011010101100
0110111110111111
0010101011111010
1100100011101110
1010001011100010
0000011001011110
1001110011001001
1010101000101110
1110010011011010
1001000010001001
1111101011111001
1110110011111011
0101010000011011
0011110001110111
1001001001101010
1100101111110111
0110001001111110
0100110110001011
0100000000110000
1000111000101000
1010101111000011
1011001110010001
0111110100110111
1001010010010000
0000001100101001
1111001001011100
0101010010010010
1110111000101001
1101011010001110
0011101010011011
0100110000010101
1000101010100001
0000101001011101
0000111101010101
1101001110001110
0110100110111011
0101000001001111
0010110011110000
0000001110100101
0100100010010101
0100110101010100
0100001011001001
1101011100000001
0101111110110001
1001110011111011
0101111000011010
1010110100000101
1100100110000110
1011100000110010
0010001111011110
1101110100100011
1001011111110110
1001010001010110
0010011111010111
0111000111000000
1001100010010110
1110111111010011
0100001111110111
0011101011011101
0010001110000001
0110010011111001
0000010001100000
1010110110011000
0101001110011001
1100110011011111
0100010000011111
1101011100100000
0010101111100101
1010010101101010
1110001111000111
1001100111010010
0010100110001101
0000110110100001
0010010110000011
1001001001100000
1000110010000110
1000100101101110
1101010010100100
1011011101001100
1011111000011101
1000101100101110
1110100111110100
1101011101010010
1000010001111001
1011100011000000
0100011110010000
1001000000000110
0000011001010100
0100010110110100
1111000101010011
0111110100000000
0111111011110000
0010011000000011
1111010110011011
1100110101010011
0011010001101010
1011001101010111
0001001101101001
1111001011101110
0100110111100110
0100100111010000
1100010101110101
1000010000011100
1001001101100111
1001010011100111
1011101100001001
1000011001000110
0000010110000000
1100101100111001
1000011001101111
1011000001001000
0001010010001100
0110111110011010
0000111001000011
0010100100010000
0101111010010111
1110110001100001
1001000110010111
1010010101100011
1110111000000011
0110000100100001
1100011100110010
1101010111000011
0010111000011011
0110110001000100
0010000111100110
1011110000101111
1010010110000111
1011010001110011
1101010100111010
0001111100001010
1110111111101101
1001001001101100
0100000111000010
0110011110011010
0110101011111100
1011000011010011
0001100001001000
1100001110010000
0000001001011101
0111010001110110
0001101100000011
1011001111100111
0010001101101010
0010011011110011
0111111011111010
0011111001111010
0111101010011110
1010001111010101
1100011100110001
1111100100101101
1011100011000110
0110111100011110
0110111000111100
0001101010000100
1101011111111000
0001010010000011
1111100000000100
1101111101101001
0111001010111110
1111100111001111
0001000100100011
0111011000010101
1000000110011001
0010100000011011
0100010001000111
0100100110100100
1101110101010010
0000011010101111
0001011011101000
1100011110100010
0101010110100111
1110111110010010
0110111111100110
1011011000000011
1101000101100001
0010000110000100
0100001000001110
0101011110111010
1001100000010001
0101001100010010
1100110111100100
0000100000101011
1110110000100111
0011100000111000
0010101001001110
0101110010000010
0110100101010000
0011101101000010
1001101101011101
0110101010101010
0100111001000100
0010011101101001
0110001010111001
0000100000011001
1100101101100001
1000000111110001
1101000001100000
0101001101011101
1000001011100010
1101011011011010
0111001110101101
1110010010011110
0111101011111100
1101111010100010
0111111010100100
0110001010010111
1100101100111000
1000110101011101
0111110101010001
0011010110100110
0010000100110000
1000010101100110
0010100101000111
0101101111011000
0001101010000111
1111001001100010
0010110111111010
0110000111111100
0000000010000011
0111101110000000
0000010101110011
1100001000010101
0010010100001001
1011100110000101
1011011111101110
0011110001100000
1010011111111011
1011100110110000
0001110000110010
0001101100101010
0000011001111101
0110110110110101
0011110100110010
1000100100011000
1111011000011110
0111110010011010
0111000001000001
1101110011000010
1001111011010001
0101111101001011
0101110110010111
1101101100010001
0110001110100001
0001010100101000
0001000011111001
0110000000010110
0000110111100001
0010010100010001
1111011000010011
0010010111000110
1010100100010011
0101010011000000
0010101000001011
0101110111100100
1001111011101000
0100010000100110
0100011111100100
0100000010101101
1111010100001010
1101011010110111
1100110111001101
1001010110001010
1110101100111111
1011101100010000
0100011001010001
0011111110001100
1010010011100001
1111100100001111
1000000110100111
0001001011101001
1100011000101100
1010100001101111
0110101001011000
0000111010010011
1111011100000001
0000000111001000
0001101101010101
1111000011011011
1101101001111000
0101111101111110
0111110000111100
1001000010111011
1111110111100100
1101011100110010
0111000010111011
0001111010011001
0111001110111110
1110010100010011
1110100101000010
0001000101001111
1011111101000010
0111000010011000
1001110100101110
1111101011011000
1001101001000001
0000100111000111
0000011010100110
0000001010000100
1000110001100110
1001110100100000
0000101010111111
0101010011101111
0101000100100110
0000010001001110
0100110110101100
0111111010111101
0111111000101011
0100010101100111
1010110010001110
1011000101001001
1001100010101001
0101111011000000
0110011101001111
0000001011001010
1000100010111001
0110000101010001
0011101010001111
1101011101101011
0010001000100100
1100101011000010
1010000110000010
1000101010011000
1110111110001010
1000011100000000
0011101011011001
1111000001110110
0001111101010010
0110010001010010
0010110101110010
0000011100111100
0110001101110100
0101110110001101
1111011000111111
1101011111110110
1001100110000001
0101101111001111
0100001111001111
1101001001100101
0101100100001101
1000011000111001
0010001100000111
0010001011100011
0100011110100101
1100100111111110
1000010111010101
0010110111111010
1010000111001100
1100010110000110
1110100010101010
0111010011001011
0101011111000110
1011000000111101
0010100111111000
1000000011000001
1100101010110011
0011100011001010
1101000010000000
1111101110000101
0110011101111011
1001011001000110
1011100011000000
1111111100011000
0011100101011101
0000110110001101
1000001010100110
1000111010111000
0001100110101110
1100010111001111
1001111011111000
0101111100010100
1000001010111111
0101011110100101
0011101001110011
0010011100000000
1100001000001100
1010000010100101
0011101000000000
1000011000011100
0100100100011110
0110111111001111
0011010000001000
0011101011110110
0011111110101001
0001100101011011
1101001000110011
1000110100111110
0010010111001110
0100011101010000
0111110001111101
1100000100110001
1011000000010011
0110001101100000
0001000000100111
0100110001011111
1111101100011010
1110001001100000
0011110110010110
1110110100001011
0101110101010111
0111001110001011
0010011010001101
0100000100000000
1010110000011110
0011100110111010
1111110101100101
0110000111100100
1010111101010101
0000101011010110
0100101001011100
0011101001100110
0010001001111101
0000101011000111
1001111100110111
0110001110110111
1011001010001011
1100101011100000
0010001000111111
0110110101000011
0011101001001001
0111101111011101
0000011011111011
1110010101110111
1100110000100100
1101011001010110
0011100111001111
1101001001101001
1000101110001010
1111001000001001
0011111001101100
1011101000101111
1111011110101001
0010101101100010
1010111110010110
0001001001010000
1001001100010101
0101101011101100
0100100100000010
1110101101110100
0111100111111000
1001000101011011
0101111011011010
1110001011010011
0101101100100111
1001011011111000
0101001010110100
0101111110101011
0001000011000000
1000000000111110
0110101111011101
1001100101010110
0100001000110110
1110100001100100
0001110111100011
0111011001000010
1110000011011011
0111100101111001
0100101111110011
0010111100011100
0010110101111111
0001101100110111
1100110001101001
1110101100001101
0111011011000000
1111010111110001
1000010100110100
0001100011110011
1001110010111011
1011001001010100
1100010101010111
1101001011110000
0000101110010011
0100101010110101
0110100010011110
0110001101101111
1000010111110001
1011010011010000
1100111000011001
1011001100011110
1001100000111001
1010001110101011
1000000001010101
0010000001111001
1110100100101010
1010011110010110
1000000000000101
0110001110010000
1101011101000001
1010101110010001
0000101011001110
0011000111101000
0101100011010000
0000000010110110
0001011101010111
1011110001110000
0111010000011110
1000110011101111
1110000010001110
0111010011111000
1101111000110010
1000000100101011
0110101000000100
0000111101001111
1010100111000110
1111011101101101
0010100000101100
0010100100000001
0101000101000010
1110101011000000
1101100100110101
1010001100000010
1101010001010001
0000100101101010
0100100010101001
1111101101100101
0110010011100100
1110100100100111
1100011100101111
1011101110010111
1101001110001111
0010101111110000
1011111011111010
1111110001100111
0111100010111111
1010000100001111
1101101010101000
0011010001011001
1010011001000110
1100000100100111
1010100100110110
0110010101100001
1101111101110101
1110010101111001
1010001110110001
0111011101101111
1110101010111101
1011111100110111
0011011010000110
1000101111000110
1001011001111110
1111010100110001
1101000011011110
0000000101100100
0000000001111101
0101010101000110
1000101111001110
1011110111101100
0101101010101111
0110101001110010
1101101100101101
1001111001001110
0101111011010101
1110110111010111
1101110100110011
1101100000011101
0010100100010101
0000000100001111
1100010001001100
1000101011110110
1111000011010101
0110101000001100
1000110101101110
1011011111010100
0010010010010010
1111101101111001
0100111011001000
0011001010011000
1010100111011110
1101010101010011
0011110011001001
0101011011101011
1010110111000000
0001101010101110
1111111010111001
0001101111100110
1110011111110110
0110100011000000
0001111010010010
1011111101011111
1100000111001100
0100001011111011
0001000010111100
0111100010011011
0111000000000100
0000001111001000
0111001101011101
1001001011110111
1001101111011111
0100001100011111
1101011101001100
0110011110100001
0110011000001100
1010001101011101
1101101100110000
1001000001110010
0010011110001100
0011010110011001
1001010111110111
0011000000111000
1101111001110100
1000101110101001
1101110110000110
1001100111011010
1011110000101110
0011001101011000
0000011011111001
0101101101000110
1011111111110100
0101000110010111
0111101100000001
0011100110111010
1010010100001111
0101111101001100
1101111111111111
0111111001001100
0000010110101110
1100000011010011
1000100001110011
1011010000010111
1001111101100011
1011000100001010
1010010110001111
1111010101001010
1010110101011100
0101101000001110
0010100001001111
0000000100011111
0000010000110100
1111010010000101
1100110100000000
1100011101100011
0001110001000000
0100010011001011
0100010110010101
0100110111011011
1101010011110010
0010001110011010
1100100001110100
0110010100001101
1000111101001000
1100101011001100
1100100110011011
1110111000111000
0010011100010101
0111011010111101
0101111111000111
1101000101101100
1101111111010100
1110011101111100
0001011011011100
1100110110010001
1010010100110101
1011110100000110
0001001001010111
1101010010000000
0001111011111010
1000011001101011
0001101101111010
1100010100100000
1010000100101001
0101001101001001
1001011001110000
0010110101100111
1111111001101100
0110001100001010
1110101001011011
0011000111010010
1000000001000010
1001010111110110
0111110001110101
1111110111001100
1001101110111101
0010010000111010
1011010101000110
1110100100000101
1010000101100010
1011011010011101
0110110100101010
1000100011100110
0000100110100010
0100011111111000
1000010000000010
0111000010101110
1011001110010100
0001101001101010
1101111011011101
0011010001110001
1111011110111111
1010001000011110
1101101000010110
1100110111000100
0110111101010100
0110111111110111
1011110010000100
1001011010001001
1001100101111110
0010011101100110
0111000000000101
1011010010100010
1111111110110111
1101011000101111
0111110000100101
0101111110011001
0001101111010111
0010001100001000
1111011011101110
0010001001111110
0000101100101010
1011100001110000
1001001001111100
1001011100111010
0100010000000111
0110111011001110
1100000111001101
0111010110110001
1000111000001010
1111111001000011
1000010111010100
0101101000010110
1010100001110111
0101110100110100
1100110001111101
1111111111100110
0000011110010011
1010101011010011
0011000011010001
1011000000101011
1001110010100000
0100011010000101
1000011100001000
0011000000101110
1100110000101101
0111111101000010
1110100011001010
0011110110111011
0000001010011101
1011011001111110
0000000110100111
0111101001001101
0010100011000100
0100010101101010
1001100010111100
1100010010010110
1011100100011000
1111011100011110
0111111111111100
1111101110111101
1101011011111000
1001001001100000
0010110111000100
1001110010010100
0101000110011001
1010111010000001
0111101110000100
1011011100000100
0000011110010100
0110100011000000
0101100110001011
0001100111001010
0111000011011111
1111110000011010
0100011010100101
0001001001000110
1000110000111101
1010011111100110
1001110010011111
0100010101101110
0011111111011111
1110110100101001
0001011101100101
1101110100011001
1110101100100011
0010111001110111
1001010110000010
0001011000100110
1111001110001001
1000111101001011
0000010100011100
0011011101000011
0100110111010000
1010010010101011
1111110110111111
0011111000111001
0111000111011111
1011110111111010
1110110111000010
0100010110011000
0100100110100001
0001000011010011
1111110001100110
0111100111010101
0111101000101101
0000010010110101
0100110010100010
1101110101110000
1100100010010101
1101101010100001
0000000011111000
0111111011100110
1101111101101101
0111111001001000
0101111111000011
1010011001100100
0110100000000000
1110010101111000
0000000110110000
0000011011010101
0110110111000111
1100001110101101
1101111111101110
1110001010110100
1111011010000110
1000001101111010
0011011001101110
1101110111100100
1001110110010000
0111101100001100
1000000001001100
0111010001001001
0011110110111111
1100000000000101
0010010000000001
1100001011110100
0100010110001000
1101000101110111
1101010000000100
0100101000100000
1000111110000111
1000100001100101
0000011111010100
1100110001000111
0010011000101111
0011111111000101
1010000101110011
0011100100001000
0011010110101010
0101011011110000
1001001000001001
1101011010111000
0010101101111000
0011001011111011
0001100000000111
1110011000000011
1111101001111111
1011010001010011
1110010000011110
1100011011011111
0011011100001101
0011010010101011
0111101010111010
0001101101000111
0001000010101100
0111101000100110
0111010000111111
1100010100111111
1010010111110101
0111000010100101
1101011111011110
1111111101011100
0100110001011000
1011110010010100
1011110110011010
1100100110101110
1000000100010111
1100001010110101
1110100001101010
1001011100011110
1011000101001111
1101001100011111
1010110110000001
0011110100000111
0000111110011010
0100110111111011
0111111000110100
0101011111010001
0111110010100110
0100111010000100
1011011111111010
0011111110010010
1110000000010010
1101101011101011
1111111110000001
1010111110100011
1100101111101100
1110111111111010
0000011001111011
0001110101110100
1001000011100010
0001100110100000
0110011000111101
0010101001000000
1111010110010110
0010000011001111
1001001010101101
1110000110100000
1110001010111000
1100100011001011
1101011010111100
0000111000001110
1101000011001111
0001010000111101
0111110100000011
1111011000111100
0101100101111100
0110100001001101
1100010110101101
0011010111111110
0101000111001110
0101111001001111
0001110001000001
0010011110010011
0011100100100111
1000000000011111
0010101100010011
1100100100100101
1110011010011000
0111000011110010
0001001101100010
1110100011110011
1010111011101101
0100110100100001
1101110010110011
0100111101111000
1100110110011000
1010011101101000
0101000100101011
1110101110010101
0101100111000011
1111000001101000
0111100101000111
1110011001110011
1110001010010111
0101111001011010
0010000111000010
0010110100100110
1011101111000111
1101010101110100
1111011010010000
1011000110111010
0010110000111010
0101111100110101
1001110001111100
1111001110101001
1011110001010011
1100101100000010
1000001110010000
0011110101101000
0010111011100111
1010110110110110
0001011111111101
0100000110111111
1000011001000110
0110010101110010
0011010110111110
1100001111010100
0001110101110111
1011001010101110
0000001100111010
0000111111110000
0010111001011110
1000101011100010
0001010101011001
1011111111110000
0000001101001100
0000011101010001
1000000000111101
1000011000010110
0110101011100010
1101000000100001
0100110000111001
1000011000101110
0110111110010111
0000011101000110
1000000010110101
1110101101011100
1010111101001110
0100001101011011
0010010001111100
0010101011000011
1111111011100110
1001100010001011
1010110010101011
1000110000010010
1001111111010000
0100101111001001
1110011010100010
1010110010111001
1101100101011101
0111110111001110
1010110000000000
1110001001011111
0010100101010101
1101011010111000
1011000010111000
0110100110010101
1010011101110101
1010111010111111
1011100000011001
0011011011100100
1011001011111000
1001101000011101
0000111110110101
0111111011010001
0011111001101011
1111001001001001
0111110101011100
0000110000001101
0000000110100111
1100111011011010
1001001101000010
0110010011111101
0011011000011110
0110101101010100
0111110011110001
1101111111001011
0110000000100010
1001100011111100
1000001011001000
1010011100110100
0111011010110100
1000001000000111
0100011000110111
1111110100001011
0111111010111110
1011001000110111
1101110001011001
0100111100110001
0011110010111111
0110001011000001
1001010011111110
1110111100111101
0110000010000011
1010101001000100
0101011100001001
1001101011100001
0001010010100110
1001010000101100
0110111010000001
0010110010010111
1000011000011101
1010001001001010
1110100010000110
0001000110001001
1100101110000111
0000110001011010
0011000101001111
0101010010011111
0011111001010000
0011010011000110
1110101001000010
1100101000100001
1000100100101100
1110100110110001
1111011001011011
1011111100001100
1101110011011110
1010100110100001
0101110011001110
1011111110011000
0000110110100001
0101001011011101
0101010100101110
1110011001001001
0100000001100101
0000011101110110
1000100111011010
0111011110001000
1010001011100010
1100000011010010
0111111100111110
0110010111010100
0000001111000010
0110000101011100
0010000001101011
1000001001001001
0110011001101001
1100011101010011
1111011100111110
0011111011001000
0011111011110010
1111110001100011
1010010000110110
1100101100000011
1001100000011101
0011100101111010
0011001000000111
1100111001101010
0111100010011110