0	36	7	40	10	75	13	78	18	19	20	23	24	29	31
1	32	2	35	36	54	74	43	16	19	20	21	22	23	62	57	67	29	30
2	10	18	24	25	28	42	46	48	50	53	54	57	58	62	64	65	68	69	70	71	72	73	79
3	32	68	36	69	6	7	73	11	14	15	48	52	57	24	39	26	79	29
4	32	70	5	6	39	72	47	74	76	13	15	16	19	20	38	28	61
5	6	8	9	13	15	17	20	21	23	28	29	31	37	45	46	52	56	65	66	67	69	70
6	11	14	15	16	23	25	29	31	49	51	52	59	62	66	68	69	70	73	74	75	76	79
7	32	65	63	8	41	14	15	72	51	21	54	23	24	59	30	31
8	64	71	39	45	14	18	62	23	24	57	26	27	58	30
9	36	40	41	74	12	45	46	76	49	19	20	62	73	25	26	63	28	61	30	37
10	32	35	38	76	13	77	16	49	20	58	59	63
11	66	69	41	43	44	78	17	67	53	22	23	28	61
12	14	18	22	26	27	30	32	33	39	44	51	52	53	58	59	62	64	70	71	73	74	76	77
13	15	16	25	26	28	31	34	36	44	45	50	59	61	62	64	68	76	77
14	16	17	19	25	27	28	32	40	41	42	45	48	55	59	61	69	72	73	77	79
15	16	18	19	20	22	23	26	27	30	37	44	47	49	53	60	63	74	78	79
16	21	24	32	38	42	52	53	55	56	57	58	61	62	68	75
17	34	66	72	73	45	49	18	51	21	22	57	46	25	53
18	64	36	69	65	49	79	34	46	50	19	56	68	27	62
19	22	30	35	36	43	46	47	49	52	55	57	62	63	68	72
20	23	26	28	29	33	36	37	38	44	45	46	49	50	52	60	61	63	65	66	68	79
21	32	35	38	72	41	47	54	58	60	37
22	25	28	33	35	39	40	48	50	51	52	56	57	58	60	61	70	72
23	27	31	33	41	44	45	62	63	64	66	67	70	72	74
24	33	48	37	38	42	39	66	59	53	27	61	69
25	67	69	40	76	73	48	41	63
26	33	66	37	43	77	49	50	51	62	55	28	44	30
27	33	75	65	73	55	56	54	72	28	29
28	31	34	37	46	57	63	65	68	69	70	71	73	74	75	76	77
29	32	75	78	46	79	48	49	53	54	58
30	37	79	77	48	72	76	56	47	60	58
31	32	36	38	41	43	45	47	48	49	50	51	52	54	58	63	64	66	67	72	75	77
32	35	36	37	39	41	42	43	44	46	65	69	73
33	64	66	37	70	72	43	56	57	52	55
34	75	36	69	71	73	42	43	56	68	58	74
35	67	38	43	44	46	56	58	59
36	70	40	42	43	44	57	60
37	39	40	42	71	72	73	57	59	74	69
38	65	69	70	76	77	79	49	55	59
39	44	48	49	51	52	54	55	56	66	69	71	74	75	76
40	65	66	75	68	71	72	74	43	46	70	63
41	68	70	78	77	73	59	55
42	48	67	70	66	75	44	77	49	51	52	53	57	60
43	65	78	79	72	50	52	55	60
44	45	47	49	55	56	57	58	65	67	69	71	75	77
45	65	47	48	73	52	58	60
46	47	48	51	53	54	59	63	65	70	75	76
47	77	65	61	67	71	73	66	53
48	76	79	78	67	55	63	60
49	50	51	52	53	61	67	70	77	78	79
50	67	70	72	78	77	51	57	60
51	72	52	60	58
52	56	58	60	70	71	75	77	78
53	65	75	70	76	78	56	63
54	59	65	72	76	55	60
55	64	69	61	76	78	58
56	64	75	74	71	57	60
57	76	71	72	62	63
58	59	68	75	76	77
59	68	75	73	60
60	79	66	78	62
61	75	69	70	71	74	79
62	68	75	79
63	75	71	76
64	69	73
65	66	68	69	70	72	73
66	67	77	78
67	77	79
68	69	71	74	79	73
69	75	77
70	72	74	78	79
71	76	79	72
73	76	77
75	77
76	77
77	79